0   27    27    167             2
0   31    31    246             2
12  24    36    213             3
0   43    43    119             2
0   50    50    34              2
8   52    60    5               2
0   65    65    208             2
0   79    79    180             3
8   90    98    176             3
18  92    110    221            2
0   117   117    231            2
5   116   121    234            3


20  49    69    203             4
21  60    81    53              2
44  37    81    159             2
49  67    116    40             2
55  87    142   235             2
55  87    142    62             2
55  89    144    101            4
58  72    130    72             3